160818 161288 160079 157527 154634 151880 147565 144017 141400 138985 136436 134343 133371 133100 133760 135292 136504 137670 139155 139897 139925 140426
164493 163089 161953 161012 160163 159339 159829 158654 156141 153286 150565 146626 143478 141279 139288 137133 135035 134054 133775 134420 135938 137135
166096 166266 166191 165811 165020 163733 162337 161206 160274 159429 158612 159145 158079 155742 153121 150699 146770 143626 141429 139438 137286 135193
158235 159201 159699 159895 160042 160307 160487 160423 160053 159273 158003 158364 158610 158660 158421 157821 158362 157311 154992 152394 149988 146090
139213 142410 145303 147804 149813 151264 152225 152722 152921 153070 153337 153996 154735 155501 156182 156699 157074 157337 157399 157176 156601 157155
120394 122938 125983 129365 132822 136180 139345 142217 144705 146705 148157 150135 151486 152375 153058 153695 154341 155068 155824 156490 156992 157352
111211 112766 114089 115392 116984 119055 121585 124604 127953 131374 134699 138120 141426 144524 147308 149718 151644 152947 153798 154448 155050 155661
98479 101293 103891 106245 108326 110125 111688 113025 114343 115947 118020 120850 124123 127693 131307 134789 138162 141423 144476 147220 149596 151496
78777 82186 85632 89036 92280 95302 98106 100701 103061 105151 106965 109107 110967 112749 114749 117156 119952 123182 126707 130275 133711 137045
59823 62845 65908 69027 72233 75531 78886 82277 85627 88826 91808 94834 97732 100465 103002 105336 107454 109299 111064 113045 115427 118182
44397 46716 49223 51892 54676 57541 60476 63450 66482 69597 72803 76057 79398 82750 86012 89112 92069 94906 97588 100080 102378 104469
33886 35252 36764 38434 40292 42348 44591 47015 49598 52293 55064 57880 60726 63622 66596 69660 72801 76030 79269 82429 85430 88302
26891 27745 28582 29464 30458 31618 32924 34364 35957 37725 39684 41686 43893 46274 48777 51378 54052 56755 59508 62332 65251 68240
19527 20506 21496 22466 23372 24198 24987 25767 26590 27516 28589 29654 30846 32178 33677 35351 37206 39248 41454 43766 46173 48643
12889 13570 14265 14989 15751 16561 17395 18240 19069 19843 20551 21137 21724 22355 23077 23915 24863 25921 27098 28431 29910 31555
7454 8140 8709 9230 9749 10275 10807 11358 11939 12544 13186 13646 14153 14681 15200 15701 16202 16709 17255 17871 18578 19369
6435 6568 6919 7374 7891 8430 9026 9707 10475 11310 12155 12630 13137 13672 14231 14808 15420 16092 16798 17513 18226 18965
