86870 88601 90060 91176 91683 92358 92739 92567 92453 92265 90458 88578 87495 85792 84870 85420 84882 83850 83908 83568 82983 83214
77215 79203 81435 83755 85927 87789 89568 91071 92234 92785 93501 93418 92835 92365 91870 89829 87963 86896 85208 84300 84864 84343
71683 72550 73619 74914 76447 78211 80207 82449 84777 86957 88826 90507 91818 92691 92861 93095 93025 92452 91992 91501 89474 87618
67930 69020 69733 70226 70741 71433 72303 73374 74668 76200 77966 79882 82048 84311 86429 88239 89930 91248 92130 92314 92557 92500
57521 60028 62359 64457 66245 67692 68790 69512 70015 70536 71232 71954 72890 74068 75502 77186 79106 81274 83539 85661 87475 89173
44980 47301 49902 52677 55445 58092 60594 62926 65028 66823 68276 69008 69415 69652 69952 70477 71212 72163 73352 74790 76480 78398
38357 39979 41498 43033 44767 46803 49115 51706 54467 57224 59860 61778 63572 65175 66516 67562 68305 68726 68978 69296 69833 70580
31297 32834 34575 36428 38248 39952 41570 43090 44625 46356 48387 50297 52439 54705 56928 58985 60905 62699 64307 65654 66708 67465
26157 27233 28263 29315 30490 31844 33373 35102 36940 38746 40437 41878 43181 44457 45882 47564 49466 51601 53854 56070 58117 60030
20808 21883 22976 24075 25166 26251 27315 28338 29382 30545 31885 33227 34768 36425 38062 39590 41023 42318 43591 45005 46681 48564
15805 16711 17714 18778 19853 20910 21965 23035 24114 25185 26250 27114 27944 28799 29773 30927 32255 33774 35405 37021 38523 39942
12655 13242 13803 14383 15045 15820 16690 17652 18672 19704 20718 21553 22411 23282 24149 25017 25869 26691 27537 28493 29628 30926
9656 10142 10695 11287 11876 12439 12991 13520 14065 14687 15415 16061 16795 17591 18408 19213 20024 20856 21702 22550 23392 24222
7537 7792 8074 8387 8745 9155 9613 10133 10690 11241 11769 12213 12619 13023 13481 14017 14634 15337 16090 16867 17635 18407
5691 5834 5996 6190 6398 6629 6882 7157 7459 7802 8188 8548 8966 9421 9870 10305 10719 11097 11481 11905 12405 12977
3942 4194 4320 4398 4492 4617 4773 4944 5142 5352 5580 5727 5899 6097 6337 6619 6944 7318 7719 8116 8499 8864
4068 4064 4239 4480 4744 4994 5231 5483 5792 6178 6577 6756 6950 7160 7383 7620 7875 8157 8472 8824 9216 9653
