406641 408529 405586 399930 393183 389782 387779 389054 392727 398647 401044 400499 401135 402072 404171 408138 409533 408846 408742 406547 403816 404001
371510 378759 387403 396042 402505 405518 407514 404698 399171 392538 389220 386900 387963 391512 397358 399759 399254 399915 400870 402987 406968 408397
349562 352553 356009 360147 365263 371438 378693 387343 395985 402455 405489 407597 404782 399140 392271 388591 386290 387365 390922 396768 399177 398684
334866 338764 341370 343218 345111 347584 350575 354022 358150 363252 369404 377108 386130 395071 401776 404985 407089 404293 398681 391850 388197 385927
294211 303699 312334 319944 326336 331426 335262 337820 339628 341487 343925 348091 352553 357532 363326 370005 377636 386576 395428 402062 405227 407298
237610 247907 258909 270191 281094 291187 300467 308906 316331 322552 327491 331892 335191 337905 340818 344440 348562 352971 357895 363618 370216 377753
197525 204370 211462 219016 227368 236678 246760 257536 268584 279258 289128 298023 306288 313757 320233 325650 330031 333328 336043 338955 342570 346674
165861 172026 178251 184550 190935 197424 204121 211066 218467 226651 235776 245216 255400 265913 276121 285605 294427 302629 310054 316498 321898 326283
134543 140169 145848 151593 157438 163416 169485 175610 181807 188088 194471 201439 208460 215747 223631 232265 241599 251669 262062 272163 281555 290296
103189 108719 114231 119733 125242 130771 136334 141946 147626 153409 159321 165249 171355 177647 184138 190848 197724 204653 211852 219634 228157 237366
74878 79399 84381 89687 95111 100528 105938 111335 116722 122118 127537 132887 138272 143720 149262 154923 160728 166712 172876 179242 185820 192564
58326 60665 63110 65825 69037 72866 77204 81980 87066 92267 97462 102107 106860 111716 116683 121774 126943 132154 137432 142800 148290 153920
46145 48007 50047 52201 54382 56552 58793 61140 63739 66796 70426 73922 77833 82042 86373 90717 95132 99654 104277 109009 113860 118789
35367 36756 38113 39498 40982 42604 44359 46274 48294 50338 52375 54258 56165 58235 60648 63507 66756 70384 74284 78301 82333 86446
24200 25246 26420 27703 28993 30287 31574 32844 34146 35532 37032 38385 39892 41495 43144 44805 46507 48243 50125 52312 54887 57795
14683 15816 16805 17710 18596 19492 20452 21516 22669 23831 24999 25771 26570 27428 28372 29423 30585 31866 33231 34633 36050 37511
19076 18581 18557 18847 19414 20197 21200 22424 24000 25955 28048 28696 29477 30361 31311 32305 33375 34554 35837 37218 38693 40291
