48044 48716 48706 48511 48721 48643 48526 49087 49818 50148 50711 51445 51852 52087 52447 52931 53503 54616 56192 57800 59429 60910
42613 43959 45548 47195 48618 49655 50339 50341 50156 50377 50303 49830 50119 50663 50893 51490 52265 52953 53732 54614 55499 56319
39505 40586 41743 42964 44216 45462 46816 48411 50065 51497 52543 52840 52446 51865 51676 51195 50739 51160 52010 52601 53536 54588
38322 39141 39678 40104 40681 41581 42664 43822 45047 46304 47558 48825 50264 51686 52818 53511 53840 53691 53545 53712 53438 53040
32929 34754 36577 38292 39750 40861 41682 42226 42659 43242 44147 44926 45829 46845 47943 49159 50625 53361 56903 59600 60916 61022
27435 28848 30452 32199 34010 35825 37634 39446 41152 42602 43713 44472 44892 45138 45469 46164 47303 50407 55310 59768 63061 65306
24374 25165 25980 26868 27901 29119 30522 32114 33845 35643 37446 39163 40888 42517 43895 45032 46088 48203 51815 55632 59214 62404
21525 22344 23111 23849 24589 25356 26150 26967 27858 28892 30110 31497 33049 34718 36430 38186 40091 42992 46987 50842 54063 56626
17061 18010 18984 19954 20884 21756 22576 23349 24094 24842 25614 26410 27226 28112 29135 30381 31902 34266 37579 41007 44208 47152
12779 13605 14452 15324 16221 17137 18075 19036 19996 20918 21781 22516 23226 23922 24637 25421 26328 27778 29910 32196 34456 36671
9193 9922 10646 11375 12123 12896 13693 14515 15361 16231 17124 17943 18787 19635 20449 21226 22008 23034 24412 25920 27439 28952
6189 6696 7281 7924 8598 9282 9973 10663 11354 12064 12801 13476 14176 14900 15656 16441 17277 18317 19582 20829 21951 22971
4752 5012 5264 5536 5864 6272 6751 7298 7902 8537 9182 9741 10298 10867 11452 12078 12744 13531 14473 15470 16481 17482
3340 3577 3843 4128 4401 4653 4896 5135 5391 5702 6082 6461 6903 7387 7895 8410 8939 9520 10191 10886 11602 12320
2332 2451 2569 2699 2852 3037 3245 3486 3740 3983 4210 4372 4533 4714 4938 5226 5574 6006 6506 7040 7566 8094
1013 1352 1583 1750 1880 1987 2090 2193 2308 2444 2606 2713 2852 3004 3157 3301 3447 3604 3796 4025 4305 4632
1950 1720 1654 1684 1774 1902 2061 2242 2443 2662 2889 2913 2950 3006 3080 3176 3294 3446 3625 3819 4017 4224
