845504 844973 839883 833479 827553 822185 820256 818691 815538 808946 797433 782470 766883 750588 739204 734749 727703 722199 722380 720553 717267 718036
800812 810135 821278 832497 841087 845419 845165 840349 834203 828520 823378 819406 816291 812055 804764 793031 778195 762734 746554 735268 730890 723935
777670 780853 784400 788806 794727 802443 811779 822926 834152 842753 847110 846057 840094 832444 824901 817535 813660 810638 806502 799314 787696 772978
739650 751810 760277 765858 769855 773145 776248 779711 784030 789862 797478 805092 814792 824836 832533 836239 835330 829542 822083 814737 807565 803869
628792 651349 673164 693549 711546 726605 738460 746648 751974 755737 758804 762283 765695 769525 774427 780667 788440 798263 808431 816264 820147 819458
509605 530073 552036 574978 598108 620838 642981 664386 684375 702000 716721 725713 731905 736097 739566 743184 746829 750413 754403 759451 765815 773692
437401 452031 466421 481236 497556 515990 536124 557722 580278 603015 625351 643486 661113 677554 691876 703546 712595 718882 723191 726789 730538 734309
368392 382400 397638 413534 429145 443929 458320 472481 487064 503125 521264 538418 556811 575962 595111 613695 631730 649269 665645 679935 691601 700687
310855 321528 331788 342152 353417 366048 379863 394884 410547 425935 440515 454441 467652 480791 494904 510589 527590 545815 564792 583769 602204 620096
247998 259548 271076 282468 293585 304380 314864 324949 335144 346219 358628 371222 385223 400078 414890 429138 442876 455929 468914 482866 498356 515141
189199 198749 209341 220627 232070 243339 254538 265722 276779 287572 298059 307210 315994 324906 334688 345775 358107 371798 386325 400816 414768 428236
152912 158294 163592 169257 175949 184024 193211 203391 214237 225237 236077 245819 255567 265210 274624 283769 292654 301199 309874 319387 330158 342126
120679 125591 130879 136356 141752 146961 152109 157192 162627 169027 176721 184030 192376 201451 210777 220050 229329 238622 247827 256823 265574 274087
90843 94741 98671 102696 106889 111280 115922 120918 126096 131204 136143 140478 144550 148755 153651 159555 166375 174151 182595 191274 199911 208561
63415 65577 68164 71186 74403 77828 81379 84983 88688 92549 96588 100225 104219 108412 112567 116592 120499 124193 128025 132473 137809 143950
39049 42679 45339 47449 49328 51098 53017 55271 57872 60627 63546 65740 68067 70547 73213 76069 79148 82531 86076 89594 93002 96329
48436 47482 47805 48768 50272 52169 54451 57086 60461 64676 69137 70853 72902 75208 77722 80392 83286 86456 89880 93552 97444 101634
