75252 77187 78499 79583 80144 79886 79129 78564 78112 78417 79189 79467 79276 79232 79398 79722 80137 80866 81129 80698 80179 79738
66184 68733 71219 73543 75567 77195 79134 80456 81551 82127 81886 80762 79904 79228 79369 80104 80368 80169 80117 80265 80576 80978
59999 61321 62864 64668 66770 69192 71735 74215 76534 78552 80177 81759 82711 83417 83586 82919 81788 80919 80229 80356 81075 81327
58152 59849 61299 62567 63769 64977 66297 67837 69635 71732 74149 75773 77451 79097 80561 81750 83308 84237 84920 85068 84379 83230
50694 53276 55846 58324 60580 62536 64231 65682 66955 68157 69366 70909 72395 73858 75349 76889 78468 80095 81694 83112 84256 85763
41784 43795 45849 47988 50282 52769 55338 57895 60361 62610 64565 66331 67905 69356 70791 72281 73774 75211 76625 78066 79556 81083
35105 36995 38969 40992 43013 45006 47010 49058 51191 53477 55953 58092 60319 62549 64658 66572 68299 69836 71249 72646 74096 75552
28666 30306 32025 33810 35628 37456 39336 41301 43316 45330 47312 49264 51163 53048 54988 57021 59127 61321 63520 65598 67485 69183
22394 23643 24873 26131 27495 29010 30636 32339 34106 35908 37721 39627 41607 43628 45637 47604 49532 51407 53269 55185 57193 59277
16509 17731 18984 20253 21516 22765 23999 25215 26459 27808 29306 30795 32396 34092 35859 37675 39551 41504 43496 45478 47417 49317
11484 12374 13435 14609 15816 16999 18194 19420 20664 21901 23124 24257 25359 26479 27691 29031 30491 32060 33724 35450 37231 39067
9175 9607 9952 10305 10785 11478 12343 13373 14513 15682 16831 17997 19180 20360 21513 22643 23744 24815 25901 27085 28388 29812
6562 6982 7498 8057 8594 9067 9484 9824 10173 10649 11322 12039 12937 13968 15061 16156 17271 18402 19534 20639 21721 22779
5170 5449 5710 5971 6265 6599 6994 7476 7996 8494 8936 9208 9412 9628 9960 10470 11145 11986 12943 13961 14985 16023
3328 3614 3912 4211 4496 4763 5012 5246 5485 5749 6050 6392 6790 7201 7570 7872 8120 8314 8521 8831 9294 9904
1652 1885 2103 2324 2544 2773 3012 3259 3511 3752 3977 4171 4358 4553 4778 5036 5331 5668 6022 6336 6598 6816
3083 2937 2877 2879 2941 3046 3195 3384 3649 3998 4397 4610 4852 5115 5387 5671 5965 6274 6601 6957 7344 7764
