145795 144179 141944 139940 137939 136541 136642 136086 134706 133550 131747 129395 127957 126607 125667 125808 124837 124055 124911 125433 125436 126415
142586 143518 144609 145588 146044 145750 144199 142023 140075 138126 136769 136807 136184 134717 133441 131497 129164 127741 126403 125475 125619 124661
141003 140953 141147 141571 142202 142995 143921 145005 145979 146435 146144 144720 142623 140704 138734 137310 137343 136717 135251 133973 132027 129692
135875 137407 138407 138960 139183 139146 139101 139296 139719 140346 141135 142461 143892 145156 145848 145737 144332 142251 140351 138398 136994 137035
117215 120855 123847 126290 128393 130297 131824 132822 133381 133613 133584 134522 135580 136751 138007 139314 140662 142122 143409 144130 144051 142687
92206 95899 100326 105143 109794 113927 117518 120466 122870 124936 126807 128093 129150 130057 130923 131815 132785 133868 135066 136343 137673 139038
83860 85888 87625 89371 91591 94550 98192 102558 107307 111891 115959 118910 121279 123168 124787 126270 127564 128630 129550 130427 131322 132300
72757 75544 78398 81202 83782 86051 88057 89775 91505 93704 96636 99979 103959 108244 112289 115755 118684 121039 122917 124529 126007 127297
59871 62367 64943 67589 70274 72979 75722 78533 81295 83842 86077 88054 89706 91321 93358 96068 99375 103313 107549 111552 114987 117887
48848 50810 52785 54820 56987 59322 61778 64313 66916 69557 72221 74743 77381 80022 82490 84707 86673 88317 89929 91952 94634 97906
39025 40889 42812 44767 46716 48634 50559 52499 54500 56628 58920 60993 63180 65464 67823 70231 72718 75318 77922 80356 82545 84489
31227 32356 33673 35155 36771 38503 40319 42198 44110 46016 47900 49585 51255 52950 54738 56659 58684 60825 63057 65362 67721 70154
26421 27219 27899 28557 29320 30263 31376 32667 34119 35701 37392 38880 40446 42067 43708 45339 46974 48593 50239 51972 53833 55792
19840 20751 21770 22822 23812 24704 25512 26225 26923 27718 28673 29643 30734 31930 33204 34547 35958 37439 38975 40532 42077 43629
14058 14656 15283 15988 16726 17513 18375 19338 20339 21295 22170 22728 23234 23755 24378 25158 26063 27075 28178 29350 30583 31880
8505 9493 10164 10654 11124 11630 12174 12748 13388 14060 14778 15431 16141 16856 17510 18073 18577 19046 19524 20094 20791 21589
10927 10555 10606 10876 11274 11731 12274 12929 13792 14898 16077 16534 17078 17705 18413 19194 20055 21001 21998 22988 23948 24912
