763407 752287 733115 721995 714667 709448 712819 718094 711597 696009 676810 657305 637117 615848 603329 597566 589382 586058 588944 589381 587403 586846
724432 727935 734635 742288 747294 747494 737197 718804 708290 701530 696858 700966 706892 700896 685541 665960 646718 626801 605783 593482 587909 579928
748187 737226 726543 717509 712251 711971 715445 722111 729730 734702 734880 724435 706042 695649 689135 684843 689134 695238 689448 674316 654966 635950
719660 731284 738111 739955 736573 727920 716929 706218 697157 691862 691523 694700 701164 708674 713625 713869 703783 685785 675780 669646 665719 670322
561866 584892 606352 625934 643340 658345 669716 676319 677969 674439 665689 661222 655729 650548 647756 648513 652337 659423 667534 673106 674011 664661
402679 419542 439709 462262 485709 509024 531575 552563 571688 588659 603261 610230 615201 617988 618381 616321 612698 608053 603716 601734 603246 607787
357104 364898 372095 379839 389889 403267 419778 439529 461612 484557 507358 523010 537487 550503 561786 571148 578521 583935 587200 588105 586595 583542
316452 326291 336253 346032 355150 363411 371084 378170 385797 395691 408851 421740 437156 454223 471522 488079 503771 518311 531431 542850 552389 559971
267847 276413 285448 294850 304428 314054 323746 333562 343204 352205 360370 366356 371493 376896 384250 394542 407386 422710 439652 456840 473307 488936
226014 233994 241474 248733 256209 264168 272562 281419 290634 300022 309468 316861 324562 332273 339534 346160 352183 357389 362873 370253 380504 393242
182732 190293 198485 207005 215431 223513 231223 238461 245498 252749 260467 266525 273049 279940 287022 294177 301495 309117 316754 323964 330568 336599
152738 157512 162563 168015 173992 180554 187683 195407 203447 211396 219023 223794 228309 232811 237678 243143 249103 255508 262263 269209 276235 283425
132069 135175 138094 141087 144505 148556 153037 157789 162913 168527 174685 179486 184734 190177 195460 200374 205024 209453 213872 218641 223963 229756
102137 106881 111545 115949 119839 123136 126106 128929 131832 135117 138963 141393 144120 147230 150824 154940 159503 164478 169641 174664 179357 183817
70583 73444 76862 80762 84794 88945 93115 97264 101224 104769 107817 109738 111369 112913 114624 116667 118996 121591 124524 127882 131701 135913
54523 53039 52704 53422 54897 56862 59263 62112 65351 68714 72184 74698 77328 79913 82249 84255 86010 87550 89031 90656 92546 94677
53566 58043 61298 63344 65101 66795 68608 70643 73738 78084 82757 84754 87078 89697 92586 95687 99055 102748 106609 110452 114179 117890
