327870 328095 324587 316982 308459 301577 292258 283971 278081 271763 263924 256868 251469 245975 242398 241214 238970 237204 238007 238563 237542 236770
322929 320837 320429 320941 321104 320129 320405 316990 309518 301158 294475 286414 279040 273689 267503 259243 252276 246966 241564 238066 236956 234789
356276 346790 337194 328288 321368 317205 315106 314680 315172 315301 314301 314777 311804 305006 297551 291990 283991 276676 271369 265235 257032 250116
348303 353182 355991 356159 352767 345280 335823 326240 317322 310366 306141 305582 306412 307858 308659 308028 308595 305721 299043 291712 286267 278400
280869 287496 293155 298243 303474 309231 314073 316809 316869 313341 305714 302008 297387 292628 289002 287247 286973 288074 289782 290855 290503 291347
210315 217618 226305 235647 244469 252030 258583 264111 268986 273909 279266 280261 281490 282394 282060 279970 276692 272509 268189 264982 263623 263721
192644 195169 197422 200027 203937 209697 216935 225517 234707 243312 250587 255122 258055 259793 261067 262300 263523 264974 266114 266033 264220 261234
175617 179615 183406 186921 190061 192819 195311 197525 200072 203887 209501 214719 221401 228822 235816 241656 246236 249244 251074 252448 253789 255117
150423 155775 161145 166372 171206 175505 179440 183175 186644 189740 192451 194275 195545 196874 199189 203022 208227 214866 222230 229179 234994 239577
125414 129286 133273 137475 142047 147062 152296 157566 162712 167504 171791 175283 178563 181564 184195 186437 188280 189585 190953 193285 197102 202259
105533 109514 113378 117151 120875 124581 128334 132205 136296 140763 145684 149518 153591 157750 161746 165438 168873 172108 175077 177681 179921 181768
85955 89046 92710 96743 100818 104743 108560 112265 115882 119448 122990 125851 128699 131630 134791 138259 141970 145919 149945 153823 157403 160753
75630 77155 78159 79078 80516 82803 85731 89197 93005 96854 100558 103301 106001 108676 111360 114082 116828 119560 122368 125398 128720 132264
57251 59992 63205 66443 69135 71052 72474 73490 74487 76000 78304 80148 82482 85142 87864 90483 93061 95610 98142 100682 103258 105855
43942 45101 46118 47291 48801 50758 53107 55908 58812 61352 63329 64158 64568 64873 65523 66763 68456 70574 72977 75435 77809 80154
26728 30929 33171 34404 35366 36334 37279 38162 39222 40599 42387 43488 45056 46785 48266 49320 50059 50483 50838 51478 52590 54071
37882 35605 35672 36820 38333 39851 41580 43694 46203 49070 51992 51862 51830 51948 52330 53007 53989 55327 56859 58372 59751 61095
