867852 846815 819620 788581 757917 735164 720774 708647 699994 693571 683896 672386 662679 653279 646630 646876 648023 649161 654061 657975 656807 654922
866314 869324 873594 876365 873221 861693 841230 814584 784068 753884 731539 717209 705117 696427 689842 679841 668448 658844 649545 642978 643288 644499
881689 876451 870559 865212 862466 863414 866408 870662 873416 870272 858761 838674 812286 781900 751701 729193 714930 702898 694265 687724 677777 666438
828951 847801 863148 874022 878981 877144 871800 865803 860347 857476 858288 859116 861826 863665 860220 849021 829152 803021 772918 743010 720757 706713
692579 711229 729683 748199 767328 787303 805815 820821 831368 836039 833961 836069 835462 833327 831684 831612 832840 835946 838173 835152 824443 805124
573444 587017 603598 622251 641375 659933 678268 696395 714567 733338 752936 765549 777981 789289 798062 803438 806001 805875 804227 803066 803453 805128
541902 550316 556930 563126 570929 581584 594974 611323 629711 648555 666837 681233 694722 707570 720333 733263 746046 758656 770162 779155 784793 787644
485728 500847 513956 525311 535485 544981 553299 559842 565974 573693 584221 594760 608123 623407 639059 654073 668482 681998 694886 707705 720689 733528
385823 405942 428364 451391 472458 489963 504856 517790 529011 539073 548462 553451 556868 560056 564975 572833 583382 596707 611921 627506 642459 656827
322858 331785 341463 352697 366621 383769 403460 425394 447923 468551 485719 499676 511178 520459 528067 534466 539553 543099 546431 551455 559364 569906
282273 291107 298444 304986 311818 319678 328442 337935 348937 362543 379276 395559 414598 434801 453742 469914 483653 495037 504279 511903 518355 523519
225454 234337 245826 258586 270577 280648 289229 296417 302867 309612 317347 324229 331498 339904 350512 363833 379659 398134 417726 436117 451861 465290
202830 207100 208926 210031 212923 218936 227444 238389 250520 261927 271541 278097 283434 288157 293217 299247 305963 313046 321212 331466 344301 359508
149252 156235 165970 176612 185636 191851 195915 197812 199099 202045 207856 214293 222948 232685 241774 249237 255501 260669 265288 270231 276060 282523
131039 129488 128162 128201 130104 134382 140798 149606 159208 167413 173191 176080 176976 177246 178863 182893 188873 196805 205688 213989 220852 226672
92004 105572 110492 110937 109935 108827 107959 107272 107681 109635 113536 117970 124451 131645 137733 141861 144446 145439 145967 147651 151349 156664
94815 90979 95118 102288 110192 117561 124447 131012 138464 147245 155647 156485 157140 158029 159853 162898 167111 172655 178900 184995 190495 195675
