299920 295406 288972 282248 275869 271840 269126 266029 263315 261533 257447 253075 250871 248087 245281 244856 243487 241206 240597 239675 237720 236998
302755 301161 300874 301074 300348 297871 293640 287476 281000 274850 271026 268575 265682 263088 261328 257170 252822 250635 247866 245076 244661 243302
324928 321201 316016 310298 305505 302526 300932 300649 300844 300118 297645 293729 287831 281573 275585 271863 269405 266508 263910 262143 257979 253627
310806 316695 321444 324583 325436 323641 319910 314729 309018 304228 301247 299945 299954 300456 300053 297914 294007 288126 281887 275916 272210 269763
263593 271510 279394 287070 294355 301080 306910 311603 314695 315514 313696 312524 309425 305304 301610 299216 297961 298005 298542 298175 296079 292227
221862 226518 232507 239549 247122 254860 262703 270508 278105 285316 291968 297518 302631 306842 309482 310193 309094 306084 302056 298449 296133 294941
214859 216692 217744 218678 220485 223768 228384 234321 241298 248802 256474 263460 270465 277324 283866 289919 295461 300576 304789 307453 308197 307148
195067 201781 207339 211781 215224 217817 219638 220690 221630 223428 226686 230487 235591 241725 248377 255189 262133 269095 275919 282425 288451 293966
151089 159752 169161 178740 187669 195427 202066 207573 211980 215406 217993 219717 220534 221093 222351 224912 228699 233770 239860 246461 253221 260115
119534 123479 128634 134906 142063 149902 158428 167687 177116 185912 193564 199918 205207 209460 212787 215328 217070 217917 218515 219799 222363 226131
110286 112954 114157 114725 115946 118594 122469 127521 133654 140646 148307 156376 165173 174151 182530 189809 196051 201266 205473 208774 211310 213068
83588 87569 93006 99031 104334 108202 110797 111996 112595 113822 116423 119802 124344 129961 136447 143617 151455 160007 168732 176889 183984 190081
74444 76326 77158 77672 78952 81560 85374 90558 96294 101344 105038 106955 107613 107757 108547 110681 113982 118372 123787 130034 136938 144479
52992 55699 59534 63789 67478 70130 71922 72767 73334 74612 77122 80604 85241 90291 94607 97582 99434 100137 100373 101207 103294 106465
48270 46852 45752 45377 45868 47432 49933 53421 57279 60639 63081 64589 65290 65776 66928 69200 72424 76680 81298 85256 88004 89744
41207 44709 44997 43812 42318 41001 39964 39181 38991 39531 40963 42734 45392 48408 51062 52992 54333 55017 55544 56651 58711 61580
37835 38265 41169 44562 47766 50374 52486 54234 56300 58909 61259 61407 61476 61656 62243 63373 65025 67268 69862 72470 74910 77268
