366397 362822 357695 351027 343729 337322 330649 323308 316979 311067 303657 295247 285576 276344 272544 273406 274551 279039 285497 287281 285840 285354
371666 369310 367026 364652 361905 358637 355404 350639 344350 337418 331357 326247 320194 314849 309582 302377 294034 284421 275237 271466 272351 273522
394963 386740 379696 373893 369442 366396 364064 361803 359449 356726 353484 351124 347345 342146 336416 331663 326563 320520 315189 309930 302737 294405
393800 398149 399604 398148 393754 386417 378202 371162 365356 360893 357823 356384 355034 353597 351788 349438 347162 343479 338372 332740 328079 323079
328296 335043 341395 347405 353243 359002 363248 364610 363075 358625 351260 349442 347641 345922 344382 343071 341899 340811 339636 338089 336002 333990
264077 270511 278224 286628 294752 301969 308604 314834 320713 326414 332027 333764 334808 335141 334734 333592 332098 330610 329206 327971 326968 326092
248221 251434 253858 256206 259553 264544 270887 278481 286753 294744 301837 307429 312099 315912 319053 321615 323526 324757 325278 325065 324118 322824
220354 227372 233647 239128 243793 247694 250874 253274 255601 258911 263842 269112 275710 283070 290259 296659 302288 307002 310876 314086 316726 318717
179435 186746 195093 203927 212433 220097 227014 233211 238630 243251 247119 249904 251792 253475 255997 259990 265262 271845 279175 286336 292722 298352
153641 157303 161263 165754 171066 177320 184504 192704 201391 209771 217342 223584 229194 234120 238333 241882 244713 246669 248422 251000 255016 260288
138350 141471 143831 145851 148201 151303 154907 158805 163217 168427 174559 180976 188390 196285 203894 210721 216889 222454 227364 231583 235156 238023
113199 116891 121818 127295 132249 136100 139147 141484 143509 145847 148897 151394 154277 157758 162106 167448 173710 180928 188610 196023 202693 208749
104081 105955 106428 106412 107234 109591 113140 117846 123072 127819 131551 133970 135628 136900 138371 140413 142909 145763 149179 153421 158602 164653
75404 78840 83815 89298 93882 96916 98736 99317 99479 100410 102733 105396 109180 113498 117442 120509 122884 124574 125922 127446 129497 131963
65723 65113 64416 64256 65047 67046 70197 74676 79596 83753 86589 87868 88043 87819 88228 89814 92360 95884 99869 103523 106400 108672
48219 53073 54447 54240 53672 53324 53106 52819 52957 53870 55763 58017 61377 65111 68244 70311 71527 71869 71904 72475 74019 76353
63038 60234 60981 63033 65445 67605 69644 71760 74391 77670 80956 79955 79085 78547 78686 79628 81318 83812 86760 89692 92351 94869
