865238 858864 844104 826855 809934 794689 780464 769019 759177 750411 739367 728478 723405 717299 711408 711963 707057 697861 694805 691315 684752 683000
838487 839612 844435 850489 853793 851944 846522 832722 816366 800273 785788 772847 762430 753300 744869 733674 722955 718027 712066 706308 706982 702203
885756 871835 857635 844854 836163 833090 834285 839170 845280 848644 846871 841615 828127 812222 796697 782904 770060 759729 750676 742326 731212 720567
884420 891099 894331 893533 887783 876623 862855 848807 836176 827617 824643 825906 830890 837132 840674 839107 834072 820828 805175 789893 776328 763699
780299 793895 805984 816729 826505 835507 842300 845682 845066 839553 828680 823233 815811 808082 802683 801102 802875 808331 815018 819016 817933 813397
652632 668098 684994 702493 719236 734349 748021 760221 771105 781043 790224 794586 798209 800511 800579 797961 793247 786555 779530 774793 773821 776161
591743 601410 610474 619859 630975 644656 660188 677145 694709 711547 726785 737862 747278 755185 761959 767781 772644 776767 779570 780143 778038 773841
526973 541170 554782 567606 579373 589994 599843 609108 618698 629996 643823 656042 669876 684518 698655 711431 722813 732543 740777 747876 754027 759215
442258 458237 474466 490634 506319 521239 535491 549195 562148 574085 584901 594418 602714 610686 619698 630558 642996 657020 671832 686138 699100 710679
364103 374723 386897 400437 414997 430327 446189 462318 478413 494063 508991 522276 535241 547682 559315 570037 579799 588360 596596 605846 616898 629488
316265 325361 332889 339767 347377 356540 367140 379239 392670 407107 422318 435587 449467 463657 477759 491498 504880 517960 530533 542309 553190 563134
252570 261244 272288 284548 296301 306625 315696 323333 330387 338155 347404 356429 366678 377995 390086 402734 415969 429798 443936 457991 471698 485058
222041 226000 228219 230111 233680 239959 248457 259158 271005 282411 292527 299494 305337 310824 317129 324949 334015 344216 355418 367348 379819 392845
165051 171878 180821 190335 198386 204050 208040 210524 212750 216496 222671 229481 238205 247888 257104 265074 272079 278089 283784 290221 298020 306953
133918 133643 133503 134453 136991 141490 147676 155652 164121 171367 176613 179955 181982 183751 186752 191762 198416 206721 215856 224575 232209 239004
94130 102660 105387 105490 105101 105155 105570 106065 107377 109929 114007 118277 124215 130774 136582 140998 144383 146742 148908 152089 156897 163046
100950 98562 101941 107274 112960 117946 122522 127105 132446 138758 144858 145336 146158 147581 150071 153784 158676 164856 171814 178884 185697 192503
