361014 358671 353837 346711 337741 328925 320936 312253 305182 299086 292486 285998 280672 274840 269884 266640 262330 258249 255838 253850 251894 250931
333359 336590 340959 345461 348563 349347 347583 343328 336792 328393 320126 313095 305212 298745 293001 286294 279947 274760 269056 264225 261099 256910
334754 330023 326695 324919 324934 326788 330026 334403 338915 342032 342833 340673 336249 329765 321640 313865 306955 299185 292833 287204 280607 274371
334268 336111 335919 333908 330387 325562 320800 317425 315593 315541 317316 320783 325266 329751 332711 333214 331212 326978 320687 312764 305191 298475
282197 287951 292874 297016 300523 303495 305181 304835 302676 299016 294065 293091 292822 293404 295061 297848 301591 306343 311098 314348 315168 313501
220796 226900 234042 241700 248997 255387 260964 265711 269669 272985 275762 275840 275278 274291 273193 272180 271582 271673 272597 274581 277680 281731
200136 203321 205729 208028 211260 216056 222037 229030 236520 243651 249877 253848 256915 259130 260652 261587 261913 261607 260886 260050 259295 258948
173087 178631 184474 190203 195216 199167 202301 204671 206934 210122 214841 219177 224572 230527 236204 241073 245148 248334 250684 252349 253442 253927
144547 149484 154489 159587 164788 170087 175538 181286 186926 191860 195756 198624 200482 201968 204087 207446 211845 217281 223270 228992 233914 238067
119291 122807 126364 130087 134180 138764 143618 148536 153543 158659 163876 168927 174329 179697 184445 188257 191197 193154 194750 196964 200394 204834
98492 102084 105709 109332 112889 116359 119817 123316 126982 131007 135505 139229 143191 147404 151895 156648 161665 167027 172360 177098 180928 183917
79528 82510 85675 88982 92362 95782 99245 102751 106260 109713 113089 115927 118692 121512 124566 127961 131642 135553 139711 144136 148825 153773
64544 66278 68079 70033 72262 74834 77651 80643 83773 86982 90237 93124 96071 99031 101945 104794 107583 110313 113093 116100 119426 123022
49936 51529 53325 55204 57012 58679 60336 62061 63936 66063 68501 70722 73120 75664 78305 81013 83786 86622 89481 92300 95060 97768
36802 37679 38564 39575 40707 42013 43482 45126 46845 48513 50071 51606 53127 54697 56412 58311 60380 62610 64969 67424 69951 72543
25114 26046 26501 26864 27374 28105 28940 29793 30746 31800 32996 34100 35397 36808 38227 39606 40977 42346 43769 45314 47007 48847
30691 30481 30983 31656 32391 33025 33676 34485 35639 37172 38785 39249 39893 40710 41718 42912 44308 45933 47738 49658 51662 53786
