212026 209335 203571 197327 191520 187071 184189 182948 181841 180915 179051 176612 174768 172782 171319 171346 170339 169360 169964 170121 169626 169895
204478 205851 208151 210521 211596 210586 208051 202462 196377 190714 186393 183654 182544 181542 180676 178817 176398 174570 172596 171141 171179 170184
210340 208701 206837 205171 204370 204794 206172 208474 210838 211919 210921 208417 202865 196818 191186 186897 184156 183038 182035 181164 179301 176878
205255 208091 210102 211204 211271 210243 208611 206753 205092 204292 204715 206115 208433 210817 211920 210945 208449 202917 196892 191282 187010 184281
178775 183261 187512 191484 195168 198549 201351 203330 204407 204452 203418 203439 202887 202183 201979 202638 204062 206396 208793 209918 208979 206532
149195 153223 157862 162867 167839 172512 176941 181132 185049 188679 192005 194407 196498 198193 199365 199958 200030 199538 198900 198754 199458 200920
136665 139475 141707 143761 146261 149589 153571 158154 163101 168014 172628 176683 180445 183881 186982 189736 192151 194260 195970 197165 197792 197905
117227 121699 126208 130550 134449 137755 140533 142739 144773 147245 150526 153822 157794 162209 166670 170921 174947 178683 182103 185195 187946 190360
94592 99016 103631 108344 113000 117486 121894 126334 130619 134468 137736 140367 142313 143971 145944 148595 151871 155808 160177 164598 168815 172810
76441 79286 82266 85477 89057 93080 97406 101927 106544 111105 115506 119839 124201 128396 132154 135333 137940 139882 141544 143518 146156 149403
63038 65657 68190 70692 73239 75881 78640 81530 84642 88113 92013 95668 99642 103837 108112 112357 116586 120851 124959 128645 131771 134347
49725 51931 54412 57067 59730 62324 64857 67318 69754 72232 74804 77253 79739 82361 85248 88480 92021 95872 99939 104083 108203 112314
40226 41639 42983 44366 45943 47788 49881 52233 54746 57279 59752 61884 63989 66097 68272 70544 72900 75286 77806 80581 83683 87082
31051 32063 33318 34711 36108 37455 38765 40024 41326 42807 44535 46333 48333 50452 52563 54601 56601 58589 60590 62648 64797 67020
23588 24364 25065 25796 26532 27327 28250 29377 30624 31876 33085 34031 34973 35992 37190 38624 40246 42049 43954 45862 47710 49537
15679 17175 17903 18296 18729 19318 19958 20549 21170 21804 22494 23144 23945 24827 25707 26548 27380 28211 29108 30159 31400 32797
22798 21929 22010 22459 23011 23499 24035 24737 25754 27121 28548 28598 28783 29094 29543 30128 30861 31758 32776 33862 34996 36209
