1430998 1408249 1376208 1343105 1309017 1275384 1243428 1214126 1185473 1159135 1133657 1112101 1094494 1073883 1054132 1043182 1034149 1027020 1027857 1029261 1025890 1022458
1424560 1418238 1414548 1411044 1404071 1391506 1369773 1338750 1306607 1273451 1240713 1215940 1192590 1168589 1145493 1121201 1099933 1082594 1062255 1042755 1032034 1023230
1515231 1473776 1441518 1417822 1401282 1390793 1384522 1380874 1377417 1370502 1358004 1338685 1311137 1283522 1255931 1229789 1205240 1182108 1158322 1135439 1111363 1090295
1602556 1601516 1583896 1553024 1514178 1470727 1429223 1396868 1373024 1356287 1345555 1343107 1343004 1342775 1338755 1328769 1309975 1283009 1255992 1229008 1203451 1179460
1335432 1369237 1400076 1426139 1445095 1455704 1454212 1436222 1405053 1365969 1322320 1304666 1292049 1283812 1278557 1275198 1273843 1274808 1275654 1272731 1263900 1246341
1030867 1058931 1094145 1133744 1173210 1209444 1242669 1272916 1298386 1316784 1326881 1321232 1306186 1285042 1262998 1243363 1227121 1215846 1208895 1204887 1202745 1202582
948862 961668 970171 977927 990480 1011084 1038750 1073452 1112454 1151304 1186942 1215174 1240029 1259760 1272129 1275944 1271166 1257097 1237000 1215994 1197359 1182070
831502 852416 875066 897800 917982 934247 946922 955360 963068 975503 995873 1021322 1053256 1089007 1124210 1155888 1184233 1209260 1229230 1241946 1246218 1241992
716245 737550 757032 775468 794174 813869 834651 857148 879735 899818 916054 927823 935297 941929 953093 971956 997381 1029182 1064745 1099782 1131358 1159667
578983 600236 623630 648129 672111 694622 715707 735050 753408 772060 791707 811676 833295 854969 874168 889577 901470 909176 916075 927420 946311 971629
482863 497063 510735 524831 540800 559431 580255 603167 627173 650715 672873 691855 709427 726308 743723 762345 782109 803491 824929 843970 859330 871291
394573 407264 421508 436637 451619 465923 479811 493235 507096 522760 540972 559036 579176 600454 621379 641063 659627 676860 693457 710580 728879 748283
333808 341345 348119 355039 363414 373953 386172 399866 414421 428879 442742 454829 466325 478070 491342 506833 524261 543649 564112 584245 603224 621164
254340 264296 275554 287057 297332 305702 313000 319673 326528 334736 344936 355546 367453 380095 392599 404532 416054 427072 438345 451044 465790 482326
201182 201003 202434 206152 211678 219354 228515 238806 249317 258781 266614 273768 280126 286383 293553 302169 311967 322918 334525 346019 357029 367699
153581 163320 165911 165355 164273 163626 164010 165734 169328 174427 181293 187250 194709 202873 210676 217607 223927 229642 235320 241772 249420 258055
151585 155619 164801 174414 183665 191763 198946 205471 213831 224825 235602 239158 243155 247742 253254 259791 267422 276334 286106 296211 306333 316742
