1735172 1704194 1657632 1605948 1555362 1510248 1468001 1431128 1397964 1367389 1338553 1319112 1311625 1307407 1310258 1321702 1324170 1323807 1330410 1332326 1327359 1327256
1765229 1759535 1756658 1752728 1741691 1720037 1689663 1643707 1592570 1542472 1497792 1459242 1425661 1395349 1367128 1340004 1320610 1313149 1308950 1311803 1323244 1325719
1846848 1822171 1799506 1779948 1765142 1755844 1750243 1747453 1743612 1732666 1711110 1681956 1637753 1588882 1541553 1500134 1461618 1428060 1397768 1369560 1342440 1323041
1881627 1886284 1883163 1872788 1855943 1833208 1808642 1786085 1766616 1751887 1742648 1739222 1738357 1736183 1726654 1706265 1677308 1633340 1584713 1537620 1496408 1458087
1709950 1739254 1762776 1780882 1794749 1805122 1809768 1806681 1796375 1779641 1757058 1751583 1744474 1736814 1730230 1725473 1722431 1721920 1720105 1710955 1690978 1662454
1452855 1480048 1516329 1557720 1597769 1632287 1661605 1685182 1703382 1717364 1727867 1734500 1737693 1737967 1736095 1732655 1727714 1721141 1713995 1707914 1703642 1701059
1407936 1410138 1409960 1411148 1419290 1437626 1464967 1501312 1542715 1582787 1617371 1644587 1666563 1683657 1697024 1707390 1714439 1718053 1718763 1717323 1714315 1709811
1349216 1366548 1380651 1391567 1399284 1404161 1406797 1407071 1408683 1417164 1435712 1460123 1493592 1532218 1569676 1601861 1629244 1651429 1668776 1682416 1693068 1700411
1191077 1226702 1259421 1288802 1314302 1335655 1353282 1367725 1379020 1387142 1392455 1395624 1395752 1396507 1403338 1419411 1443993 1477510 1516102 1553539 1585762 1613236
971170 1010457 1050540 1090691 1129940 1167608 1203059 1235700 1265088 1290676 1312183 1328856 1342790 1354005 1362474 1368536 1372241 1372940 1374240 1381507 1397853 1422561
774317 808792 844121 880281 917375 955317 994031 1033536 1073124 1111857 1149069 1179958 1208835 1235241 1258613 1278663 1295656 1309970 1321616 1330563 1337134 1341386
615821 637867 663748 692799 723913 756405 790125 824705 860124 896467 933653 969490 1005606 1041334 1075793 1108344 1138978 1167684 1194012 1217391 1237552 1254739
523968 535375 545594 556328 569976 587893 609562 634859 663168 693465 725100 756052 787845 820469 853999 888373 923260 958439 993264 1026901 1058733 1088754
416748 429483 443682 458406 472303 484830 496376 506872 517866 531550 549163 569214 592420 618223 645694 674237 703831 734244 765468 797571 830481 863892
320743 326282 333783 343694 354174 365490 377771 391387 405490 418863 431005 441851 451687 461882 474377 490258 509092 530767 554787 580328 606872 634401
243455 251174 253450 254131 256107 259988 265666 272931 282123 291803 302173 313246 325425 337971 349835 360592 370566 379759 389312 400847 415261 432193
145397 166405 189902 211031 230253 246922 261609 275004 291678 313183 334532 351547 369126 387219 405890 425080 445113 466416 488381 510227 531564 552923
