303880 302511 298317 293426 288702 284156 278836 274579 271291 268623 266530 267213 269541 272051 275659 280416 282699 284302 286822 287749 287450 288253
301943 300664 301429 303243 304440 303997 302710 298598 293781 289122 284633 279884 276223 273547 271499 270073 270713 272991 275454 279013 283719 285957
328519 324093 318340 312218 307181 304100 302846 303638 305470 306683 306257 305068 301139 296585 292267 288200 283410 279710 276990 274895 273424 274010
333227 334499 335020 334576 332845 329704 325307 319593 313514 308518 305468 304946 306301 308536 309999 309667 308458 304516 299951 295617 291528 286722
307430 314921 320853 325311 328580 330818 332103 332640 332219 330519 327424 324993 320993 316370 312565 310432 309896 311219 313403 314823 314454 313203
259037 265902 274764 284785 294595 303320 310817 316764 321254 324563 326849 330118 332643 334221 334527 333453 331014 327012 322387 318559 316385 315794
248539 249577 250359 251600 254393 259345 266247 275124 285136 294947 303677 311249 317684 323072 327683 331663 334893 337379 338923 339203 338107 335647
238383 241821 244817 247345 249333 250805 251967 252867 254219 257093 262095 268945 277723 287596 297242 305797 313330 319736 325104 329697 333659 336877
210179 216174 221704 226751 231296 235338 238894 242008 244651 246757 248344 250423 252039 253895 257052 262105 268943 277682 287503 297095 305612 313113
168921 177111 184795 191996 198802 205264 211311 216899 222013 226629 230747 234612 238185 241436 244289 246774 248919 250602 252516 255705 260761 267573
123461 131063 139509 148439 157327 165842 173962 181597 188765 195552 202003 207881 213386 218497 223193 227463 231366 234981 238275 241175 243706 245900
95490 99119 103364 108324 114122 120797 128287 136593 145372 154121 162519 170258 177543 184396 190897 197089 202925 208404 213497 218188 222455 226363
81203 82765 84337 86129 88454 91490 95163 99416 104344 110069 116631 123801 131714 140041 148311 156217 163760 170874 177583 183955 190034 195763
65022 66986 69022 71065 72981 74735 76440 78149 80057 82448 85481 89070 93164 97859 103263 109421 116280 123842 131788 139690 147257 154494
49615 50310 51436 53046 54784 56687 58685 60743 62795 64726 66504 68317 70106 72046 74389 77285 80686 84539 88943 93997 99741 106126
36949 38829 39562 39820 40157 40715 41576 42788 44389 46093 47927 49621 51432 53299 55115 56855 58561 60254 62083 64256 66902 69984
22062 24804 28277 31619 34789 37634 40205 42582 45503 49240 52968 56196 59531 62939 66411 69916 73523 77298 81166 85033 88858 92729
