1300872 1279956 1242199 1199911 1163383 1133308 1108758 1093614 1081434 1069679 1061221 1059237 1063842 1071331 1084132 1103424 1113546 1118412 1127818 1129956 1123644 1122005
1243891 1260140 1281938 1303080 1313911 1308697 1288134 1250735 1208763 1172507 1142673 1114390 1096176 1081567 1067956 1058561 1056661 1061337 1068887 1081738 1101069 1111252
1249531 1244849 1241701 1241631 1246740 1257889 1274167 1295984 1317147 1328015 1322857 1299088 1258293 1212720 1172632 1138744 1110588 1092476 1077966 1064445 1055135 1053317
1320807 1315584 1306389 1295255 1285214 1278347 1273889 1270945 1271055 1276330 1287626 1295153 1309442 1324317 1330175 1321309 1297688 1257096 1211741 1171860 1138147 1110129
1315019 1333814 1347861 1356929 1361101 1360627 1355908 1347226 1336591 1327020 1320582 1312079 1303856 1297461 1295005 1297370 1304841 1319028 1333779 1339549 1330666 1307080
1191950 1217155 1247715 1280495 1310623 1334901 1354126 1368646 1378219 1382917 1382983 1377026 1366578 1353635 1341189 1331286 1322842 1314648 1308265 1305781 1308060 1315413
1152925 1154948 1158164 1164492 1176715 1196302 1221863 1252718 1285773 1316202 1340836 1357056 1368993 1376381 1379284 1377926 1372268 1362126 1349485 1337321 1327667 1319445
1142518 1149467 1153885 1156527 1158399 1160345 1163078 1166967 1173915 1186670 1206686 1226028 1251241 1279273 1305334 1326285 1342770 1355012 1362722 1365965 1364964 1359675
1058918 1080202 1098471 1113814 1126457 1136668 1144406 1149633 1153083 1155758 1158480 1160680 1162717 1166473 1174681 1188789 1208399 1233795 1261965 1288175 1309321 1326041
894149 923675 953824 983522 1011205 1035929 1057763 1076656 1092686 1106050 1116997 1123286 1127414 1130094 1132298 1134841 1137618 1140211 1144477 1153110 1167534 1187361
729580 759119 787257 814646 842471 871297 900750 930817 960466 988188 1013047 1032398 1049043 1063015 1074479 1083645 1090589 1095403 1098783 1101674 1104866 1108256
559782 581853 609117 639696 670771 700683 729651 757335 784341 811777 840178 867222 894760 921812 946914 969183 988803 1005831 1020271 1032271 1042020 1049595
480019 486383 491562 497853 508481 525088 546757 573270 602900 633041 662139 688522 713758 738406 763521 789600 816243 843353 870011 894818 916943 936553
393185 400329 409430 419378 428573 436412 443363 449276 456215 467083 483380 502327 525796 552205 579175 605272 630657 655038 678920 703252 728494 754258
323504 323171 324532 328211 332826 338758 346033 354987 364657 373647 381422 387954 393380 399511 408874 422792 440705 462611 487116 512146 536424 560121
239292 253810 258074 257632 256533 256098 256837 258916 262806 267432 273077 279632 287659 296332 304489 311663 318139 323750 330000 338980 351778 367920
127940 144167 166699 188883 209562 227538 243146 256855 272486 291318 309004 323430 337679 351811 366046 380448 395381 411338 427754 443902 459457 474928
