3351846 3339337 3289541 3223968 3164680 3120708 3067347 3031628 3008905 2989865 2968754 2964099 2978553 2994081 3012089 3044325 3060670 3059848 3064017 3060153 3038361 3022036
3224881 3243238 3281565 3326383 3355494 3355160 3343247 3294104 3229138 3170369 3126834 3070415 3032286 3007729 2987299 2965962 2961456 2976031 2991677 3009786 3042098 3058542
3448786 3394744 3334154 3278061 3242863 3238188 3256735 3295227 3340192 3369456 3369319 3351745 3297434 3227780 3164764 3117424 3061270 3023386 2999044 2978818 2957679 2953362
3686180 3684883 3669040 3640194 3600988 3554199 3501187 3441588 3386420 3352034 3348032 3335551 3348412 3373212 3387897 3378837 3361265 3306995 3237404 3174445 3127121 3070987
3588441 3651814 3709830 3758495 3792675 3809257 3809826 3795847 3768822 3731375 3686268 3640865 3579280 3512600 3457198 3422740 3409406 3421271 3444987 3458597 3448513 3429921
3254448 3314755 3385931 3463426 3540105 3610804 3675932 3735684 3786089 3822029 3840403 3855371 3854821 3840241 3814221 3779508 3733167 3670693 3603105 3546685 3511090 3496503
3093047 3112376 3131653 3155364 3190235 3240034 3302059 3374795 3453753 3531841 3603941 3672267 3737442 3795464 3841181 3871426 3886229 3885538 3870857 3844758 3809963 3763557
2921143 2958484 2992200 3022316 3048549 3071186 3092469 3113621 3139080 3175505 3226646 3285871 3356614 3434403 3512187 3584868 3653533 3719044 3777409 3823504 3854180 3869470
2613996 2674036 2727707 2775990 2820624 2862816 2901735 2937004 2968644 2996372 3020480 3049089 3075191 3103188 3139659 3188319 3248192 3319418 3397581 3475713 3548754 3617789
2159792 2238081 2317324 2395323 2468846 2535930 2596884 2651572 2700941 2746657 2789891 2830014 2868067 2904046 2937668 2969191 2998883 3026069 3055073 3092380 3141667 3201967
1715611 1792516 1867537 1941621 2016672 2093573 2171544 2250471 2328197 2401560 2468639 2528277 2582180 2631222 2676970 2720504 2761663 2800713 2837660 2872236 2904703 2935322
1288450 1344711 1412332 1487725 1565371 1641934 1717602 1791525 1864605 1938664 2014539 2089281 2165276 2240441 2311724 2377238 2437302 2491800 2541542 2588005 2632224 2674059
1069787 1093207 1114005 1136943 1168787 1213121 1268353 1334287 1407570 1483032 1557537 1628143 1697478 1766390 1836606 1908918 1982583 2057463 2131564 2201933 2266765 2326367
842123 865895 894314 924868 953876 979848 1003792 1025381 1048951 1080696 1123897 1174680 1235351 1302828 1372344 1441004 1509111 1576108 1642778 1710711 1780635 1851855
680052 681484 687457 699656 715115 734731 758077 785481 814723 842553 867640 890093 910374 932316 961410 1000574 1048644 1105574 1168609 1233506 1297671 1361395
500949 537949 550516 551449 550695 551639 555666 563281 575801 590925 609359 629083 652663 678178 702855 725535 746834 766399 787462 814670 850465 893859
273306 302776 349446 397836 444038 484795 520700 552780 589544 634099 676727 712539 748419 784589 821683 859931 900097 943253 988167 1033149 1077444 1122141
