937096 922550 899310 871478 843157 821407 800549 783550 771578 764811 756693 750671 750070 753858 761692 772190 778977 785276 791136 791584 788781 787904
952680 953192 952251 948726 940978 928187 913885 890895 863297 835181 813603 794369 778722 767823 761803 754058 748114 747575 751415 759297 769841 776683
954679 947947 944585 943815 944420 945526 946089 945204 941742 934058 921333 907466 885192 858582 831730 811676 792516 776935 766090 760117 752422 746523
963374 967631 967513 963822 957860 950349 943628 940265 939483 940072 941158 941334 940253 936778 929247 916840 903132 881037 854621 827957 808072 789079
886529 895263 903987 912378 920037 926748 930906 930722 926991 921003 913489 917124 921739 926571 930426 932436 932833 931985 928739 921453 909312 895868
807723 814425 823117 833084 843028 852098 860785 869459 877805 885424 892105 894857 896227 896999 898445 901273 905163 910022 915101 919205 921471 922121
794982 797135 797405 797191 798646 803096 809862 818598 828593 838560 847658 855876 863593 870497 876206 880512 883521 885149 886184 887877 890938 895055
739978 754605 767089 777170 784512 789051 791376 791830 791802 793416 797990 803542 811303 820564 830051 838935 847329 855215 862287 868172 872659 875851
633147 652338 672194 691976 710577 727272 741971 754553 764759 772262 776990 780811 782182 782491 783832 787513 793281 801229 810661 820311 829354 837906
525354 543804 561574 579072 596957 615543 634717 654545 674306 692903 709628 724076 736878 747766 756419 762760 766858 768542 769167 770805 774743 780736
421463 438306 455833 473876 492227 510760 529114 546817 564265 582094 600613 619340 638680 657924 676014 692247 706766 719677 730717 739561 746135 750501
333359 345756 359678 374794 390581 406722 423415 440789 458675 476875 495269 512284 528854 545365 562429 580356 598925 618092 637173 655139 671299 685802
274107 280895 287615 294917 303709 314477 326858 340688 355660 371290 387280 403601 420298 437218 454174 471059 487758 504048 520296 537083 554705 572946
212992 219163 226108 233491 240803 247867 254889 261880 269419 278320 289025 300764 313905 328160 343085 358395 374104 390195 406516 422886 439203 455366
159282 162351 166192 171056 176265 181934 188125 195008 202283 209512 216540 223775 230802 238139 246511 256306 267388 279734 293096 307078 321432 336170
111229 115892 118135 119522 121344 123951 127272 131205 135941 140958 146339 152196 158694 165566 172440 179166 185816 192349 199182 206907 215843 225881
65465 73121 82442 91398 99855 107365 114180 120624 128341 137932 147563 155980 164795 173961 183485 193340 203722 214867 226556 238525 250630 263092
