506751 495070 478842 462020 448739 440820 435989 433294 432105 430934 427766 428503 433568 439491 446299 456444 465196 472036 479371 484745 486588 487323
527197 526594 526583 525839 522260 514684 503106 486978 470244 457030 449163 443834 440904 439742 438844 436411 437029 441971 447769 454448 464458 473076
543223 543008 542103 540859 539706 538861 538298 538317 537609 534069 526534 515005 498738 481672 467932 459341 453870 450791 449479 448435 445854 446319
541742 549342 553653 555443 556071 556434 556264 555404 554197 553082 552268 551240 550884 549889 546154 538528 526858 510459 493259 479379 470637 465008
486611 501505 517570 533509 547427 558133 565751 570096 571928 572601 573005 574794 575267 574779 573771 572460 571173 570551 569290 565292 557407 545483
448938 456046 465113 476024 488513 502279 517182 533246 549183 563109 573841 583047 589062 592639 595128 597412 598881 599032 598223 596886 595243 593622
452698 453864 454757 456142 459074 464210 471400 480528 491483 504002 517788 532526 548739 565141 579856 591686 600640 606417 609764 612024 614073 615307
443424 451973 457707 461208 463449 465160 466457 467477 468980 472004 477208 483732 492237 502607 514573 527842 542414 558449 574669 589215 600893 609703
373428 389121 405742 422146 436575 447978 456595 462429 466046 468412 470247 472230 473623 475183 477938 482544 489027 497465 507749 519611 532760 547208
305940 319142 331904 344698 358288 373040 388684 405240 421582 435978 447385 456081 462174 466221 469171 471723 473770 475229 476840 479625 484233 490682
237937 251153 264600 278141 291632 304983 318112 330819 343562 357086 371747 386845 402923 418871 432994 444270 452967 459111 463242 466288 468928 471064
177639 186592 197221 209119 221649 234415 247460 260739 274119 287453 300657 313465 325799 338102 351108 365156 380064 395926 411662 425622 436808 445477
145396 149516 153401 157674 163225 170531 179417 189885 201558 213846 226374 238986 251820 264755 277634 290400 302938 315035 327108 339864 353631 368229
110713 114826 119519 124490 129303 133778 138065 142141 146575 152181 159400 168191 178371 189598 201332 213221 225335 237675 250129 262538 274850 286959
84451 85128 86635 89094 92097 95713 99844 104480 109357 114080 118497 122890 127091 131603 137160 144149 152424 161958 172451 183418 194547 205900
65152 66891 67107 66837 66889 67448 68600 70398 72943 75924 79390 83133 87364 91849 96251 100447 104521 108455 112676 117807 124172 131654
32411 37871 44081 49790 54963 59439 63377 66947 71194 76508 81785 86966 92379 98044 104009 110272 116951 124189 131813 139591 147420 155459
