893584 882308 859893 832488 807409 786454 760189 737839 718998 701245 682720 672700 673534 679213 687053 699906 709530 712846 714571 713500 708058 702546
907656 905851 903944 900659 894166 883411 872282 850037 822790 797837 776999 752113 730920 712999 695892 677636 667723 668648 674410 682328 695260 704971
928301 915396 907082 902442 899710 897656 895909 894055 890823 884389 873692 862811 841096 814660 790792 771310 746552 725476 707669 690675 672532 662720
977902 977051 967155 951133 933809 918196 905376 897129 892539 889848 887837 886928 885779 883116 877115 866713 855998 834464 808219 784538 765231 740659
868034 884844 903623 921728 935282 941995 941218 931441 915573 898405 882939 878217 876495 876867 877588 877443 876758 875828 873382 867605 857443 846967
780364 784160 791962 803204 816902 832162 849009 867807 885936 899547 906352 905575 897866 886104 875046 867679 863295 861886 862556 863567 863706 863302
800055 789925 780178 772111 767443 767226 771175 779088 790409 804162 819460 835222 852975 870104 882790 888755 888342 881035 869690 859032 852038 848007
821229 820910 815759 807104 797018 787004 777179 767719 759912 755461 755415 758986 766380 777056 790046 804478 820451 838398 855723 868631 874866 874753
744186 759961 775354 788972 798715 803407 803364 798547 790262 780542 770872 762030 753321 746028 741837 741792 745653 753285 764161 777333 791926 808047
637777 655919 673491 690550 707258 723595 739411 754850 768538 778410 783312 783374 778986 771420 762673 754186 745871 737669 730846 727062 727364 731505
524137 543419 562148 580476 598734 617075 635177 652723 669776 686494 702846 718211 733275 746689 756438 761400 761945 758131 751191 743078 735190 727445
408655 423801 441554 461024 480879 500314 519407 537990 556199 574348 592586 610249 627358 643977 660258 676169 691621 706776 720334 730321 735652 736685
338218 344815 351381 358851 368525 381062 396104 413606 432740 452261 471409 490131 508303 526055 543703 561387 578828 595758 612222 628375 644179 659549
274437 279370 285067 291330 297856 304578 311500 318408 326154 335924 348326 362993 379910 398317 417056 435430 453482 471051 488261 505396 522572 539533
218465 219400 221800 225802 230126 234863 240097 245986 252355 258935 265666 272745 279769 287489 296960 308725 322528 338365 355550 373055 390263 407210
165727 171150 172226 171593 171318 171924 173626 176501 180635 185003 189673 195267 201336 207728 214214 220736 227352 233960 241187 249929 260635 273092
85579 99189 114684 128829 141583 152527 161988 170343 180261 192672 204691 215765 227145 238705 250356 262032 274018 286617 299633 312814 326058 339639
