220726 217031 212306 208597 206212 204871 204567 203616 202736 202352 201397 202264 205746 208658 211215 214990 216938 217856 219300 219770 219187 219250
226154 226531 226526 225994 224727 222645 218980 214282 210593 208226 206899 206089 204806 203757 203362 202598 203452 206912 209807 212344 216099 218034
222818 223580 224836 226335 227634 228449 228835 228846 228327 227074 225005 221251 216352 212343 209534 207650 206838 205548 204492 204089 203316 204158
219994 221870 222671 222789 222867 223280 224055 225321 226826 228135 228960 229052 228824 228132 226767 224647 220915 216046 212065 209281 207419 206616
198228 203340 208300 212861 216659 219497 221370 222179 222310 222397 222820 223892 225317 226835 228024 228593 228706 228497 227825 226483 224389 220692
175461 179404 183846 188678 193733 198878 203976 208922 213474 217269 220109 221663 222308 222433 222663 223376 224447 225872 227390 228578 229143 229254
166258 168438 170763 173349 176335 179798 183740 188176 192997 198041 203171 207318 211433 215269 218470 220840 222386 223031 223154 223385 224095 225158
158122 161487 164109 166219 168193 170287 172496 174847 177456 180458 183931 187261 190988 195009 199160 203313 207439 211529 215350 218534 220896 222440
132015 137737 143600 149293 154353 158503 161876 164520 166661 168670 170793 172905 175059 177363 179956 182907 186235 189950 193953 198087 202223 206331
105945 110570 115193 119930 124978 130427 136101 141914 147564 152593 156731 160015 162584 164666 166610 168676 170803 172972 175287 177884 180834 184156
82053 86375 90958 95691 100407 105009 109586 114169 118868 123872 129265 134205 139411 144581 149281 153227 156497 159071 161172 163138 165221 167360
65165 67527 70221 73287 76766 80679 84921 89419 94067 98710 103251 107475 111604 115747 120080 124703 129553 134659 139736 144359 148250 151492
53718 55530 57183 58811 60602 62661 65007 67663 70671 74071 77883 81492 85405 89525 93697 97827 101920 105932 109956 114165 118658 123364
40217 42035 44065 46180 48227 50126 51901 53543 55171 56946 58964 61059 63364 65911 68744 71883 75314 79024 82928 86890 90812 94709
29277 30156 31217 32516 33912 35436 37109 38973 40916 42802 44568 46046 47436 48835 50378 52143 54101 56251 58621 61241 64144 67305
20941 21832 22336 22734 23251 23933 24773 25757 26928 28184 29545 30884 32369 33919 35420 36818 38152 39422 40707 42117 43704 45458
15504 16887 18539 20093 21588 22965 24271 25556 27191 29299 31453 32891 34436 36086 37853 39737 41758 43962 46280 48641 51004 53411
