275989 272997 268969 265657 264248 265716 268930 270396 270572 270176 266608 261679 259644 260160 262740 268296 273492 278139 282700 284071 283130 284173
277493 278395 279436 280290 280460 279656 276718 272747 269478 268099 269588 271528 272085 271707 271088 267730 262805 260762 261258 263809 269338 274517
279614 280211 280803 281448 282184 283022 283946 285001 285880 286069 285290 281367 276301 271835 269146 269213 271163 271727 271355 270750 267403 262493
276495 279584 281680 283009 283920 284640 285253 285859 286514 287259 288108 287710 287539 287265 286391 284630 280729 275701 271273 268611 268705 270664
255676 262041 267886 273129 277709 281611 284690 286784 288121 289039 289771 290159 290277 290188 289933 289534 289134 288948 288663 287782 286015 282125
226565 232997 240178 247757 255164 262014 268354 274179 279410 283986 287890 290303 291848 292746 293344 293864 294204 294281 294147 293845 293399 292947
210958 215273 219325 223456 228190 233832 240244 247399 254946 262321 269150 274247 278939 283148 286808 289892 292272 293787 294665 295241 295743 296064
188453 194658 200506 205972 211019 215651 219979 224045 228193 232935 238568 243960 250024 256413 262565 268115 273189 277866 282061 285720 288797 291182
154011 161239 168469 175592 182458 188982 195158 200994 206455 211502 216142 220179 223813 227378 231382 236118 241494 247531 253892 260013 265548 270608
118779 125089 131644 138416 145360 152436 159576 166716 173757 180556 187025 192628 197965 203002 207704 212076 216118 219766 223344 227356 232085 237441
90456 95376 100568 106020 111727 117671 123855 130290 136936 143758 150713 157142 163587 169950 176086 181913 187455 192743 197739 202413 206765 210796
68825 72181 75809 79725 83929 88426 93209 98256 103560 109111 114898 120621 126523 132573 138736 144965 151241 157538 163761 169764 175476 180918
53546 55728 57899 60174 62729 65654 68885 72378 76144 80188 84516 88740 93246 98020 103059 108345 113842 119513 125334 131269 137271 143324
38344 40522 42860 45252 47545 49679 51761 53843 56033 58476 61260 63954 66891 70083 73533 77249 81226 85471 89968 94714 99697 104883
25460 26785 28230 29853 31571 33423 35395 37511 39678 41768 43725 45484 47215 49011 50991 53229 55701 58390 61309 64465 67859 71490
16651 17482 18090 18675 19442 20419 21549 22781 24160 25627 27202 28668 30281 31961 33606 35164 36694 38213 39796 41533 43484 45635
12763 13783 15075 16351 17587 18709 19803 20960 22400 24196 26059 27461 28970 30590 32336 34207 36220 38415 40733 43110 45505 47974
