518195 512300 506093 499497 492505 486648 484069 477819 471004 465073 459146 462780 469223 475897 485388 497073 503219 507652 513746 516090 515137 516215
508823 512456 517447 522487 525460 525079 519272 513139 506616 499691 493898 492297 488245 484801 483375 483279 486530 492584 498871 507966 519252 525017
522047 521598 520327 519084 519162 521291 524933 529926 534969 537944 537578 531680 525504 518990 512119 506424 504628 500385 496752 495131 494841 497891
529203 533412 536782 539252 540677 541056 540593 539313 538066 538135 540244 542636 546563 550723 553021 552183 546066 539679 532958 525883 519979 517954
511705 522648 531563 538713 544631 549666 553767 557040 559413 560750 561050 563886 564782 564587 564590 565522 567491 570983 574703 576565 575323 568827
457101 469756 484162 499339 513708 526268 537044 545810 552827 558623 563539 570499 576744 582229 586808 590469 592812 593230 592579 592118 592568 594052
427139 435644 443274 450851 459678 470493 483011 497263 512274 526487 538911 550215 559969 568418 576076 583286 589846 595710 600814 605029 608333 610336
380711 393089 405172 416683 427211 436559 444989 452554 460073 468825 479541 492154 506488 521581 535889 548434 559443 568915 577110 584522 591486 597811
315901 329076 342272 355390 368306 380909 393184 405173 416602 427067 436375 446108 454699 462951 472137 482971 495339 509408 524221 538267 550573 561359
250834 262417 274285 286465 298984 311848 324900 337985 351005 363834 376360 389016 401575 413765 425189 435655 445183 453598 461681 470687 481315 493453
197614 207170 217105 227413 238092 249138 260517 272188 284171 296497 309174 321656 334305 347028 359685 372173 384505 396747 408636 419782 429999 439307
155663 162316 169766 177884 186454 195335 204590 214222 224220 234585 245311 255884 266742 277892 289371 301171 313216 325427 337724 349955 362035 373971
127533 131947 135919 139887 144483 150059 156454 163606 171396 179620 188156 196840 205805 215045 224564 234350 244414 254761 265386 276329 287587 299091
93422 98156 103432 108888 114012 118592 122779 126591 130424 134840 140155 145812 152206 159227 166680 174458 182545 190905 199527 208419 217558 226965
66762 69214 71984 75222 78734 82592 86825 91540 96416 101015 105146 108790 112073 115331 119047 123489 128588 134337 140650 147351 154351 161633
45005 47617 49320 50734 52293 54102 56179 58519 61235 64182 67412 70938 74846 78866 82638 86009 89086 91905 94725 97936 101750 106108
32248 35143 38714 42146 45513 48692 51763 54823 58541 63129 67761 70958 74383 78052 82014 86256 90836 95838 101078 106324 111453 116599
