209955 212784 214227 214789 214731 214740 213863 213157 212487 212243 211595 204917 199937 197205 197096 199275 201278 203331 205666 206458 206096 206394
192101 197319 202683 207753 211786 214293 217147 218624 219221 219196 219231 217659 215016 211189 206582 200538 194044 189245 186683 186750 189093 191262
194890 193388 192663 193131 195307 199500 204725 210095 215172 219210 221722 224654 226142 226686 226540 226411 224729 221979 218051 213337 207189 200596
229516 228788 226786 224017 221268 219111 217628 216923 217407 219592 223786 225482 228069 231111 233880 235892 238610 239882 240211 239854 239513 237622
238476 245497 251374 255814 258532 259383 258696 256733 254007 251300 249179 246902 244658 242853 242000 242398 243817 246124 248874 251358 253082 255511
205752 214097 223582 233553 242981 251162 258181 264045 268506 271248 272134 271876 270135 267403 264456 261846 259413 257012 255047 254017 254232 255465
184346 189179 193614 198210 203827 210940 219277 228744 238694 248105 256282 263082 268887 273425 276395 277657 277351 275552 272772 269774 267112 264618
159413 165806 172071 178098 183741 188948 193803 198270 202898 208532 215650 223528 232553 242083 251093 258906 265645 271400 275895 278830 280062 279739
128570 134538 140943 147617 154302 160828 167211 173467 179487 185132 190347 195336 199808 204299 209654 216336 224164 233127 242587 251532 259297 265988
103093 107551 112033 116683 121703 127204 133134 139498 146127 152770 159260 165590 171839 177902 183637 188987 193959 198420 202902 208242 214883 222665
78219 82817 87404 91962 96455 100890 105319 109776 114397 119380 124831 130691 136968 143503 150052 156445 162714 168907 174918 180605 185922 190869
54642 57718 61419 65590 69988 74465 79000 83531 88037 92492 96894 101454 105997 110653 115617 121000 126780 132963 139403 145855 152152 158327
42649 44424 45845 47224 49016 51468 54509 58144 62227 66540 70933 75243 79616 84032 88463 92900 97350 101789 106335 111181 116430 122065
27596 29854 32521 35303 37824 39902 41656 43101 44517 46318 48740 51612 55014 58813 62794 66834 70947 75126 79344 83579 87833 92096
18816 19568 20420 21540 22947 24721 26815 29271 31836 34181 36143 37818 39201 40544 42223 44430 47112 50270 53797 57490 61234 65051
11703 13632 14606 15134 15614 16202 16916 17717 18741 20013 21591 23248 25252 27399 29394 31108 32598 33862 35101 36636 38628 41029
10801 10671 11533 12765 14108 15378 16593 17808 19275 21090 22929 24052 25256 26596 28164 29996 32096 34508 37117 39770 42391 45028
